0
0.1 0.2
target 0.0 0.0 0.4
sandpit -8.0 15.0 -13.0 5.0 13.0 
tree -15.0 -15.0 0.3
tree -10.0 -15.0 0.3
tree -10.0 -10.0 0.3
tree -5.0 -15.0 0.3
tree -5.0 -10.0 0.3
tree 0.0 -15.0 0.3
tree 0.0 -10.0 0.3
tree 0.0 -5.0 0.3
tree 5.0 10.0 0.3
tree 5.0 5.0 0.3
tree 5.0 0.0 0.3
tree 5.0 -5.0 0.3
tree 5.0 -10.0 0.3
tree 5.0 -15.0 0.3
tree 10.0 15.0 0.3
tree 10.0 10.0 0.3
tree 10.0 5.0 0.3
tree 10.0 0.0 0.3
tree 10.0 -5.0 0.3
tree 10.0 -10.0 0.3
tree 10.0 -15.0 0.3
tree 15.0 15.0 0.3
tree 15.0 10.0 0.3
tree 15.0 5.0 0.3
tree 15.0 0.0 0.3
tree 15.0 -5.0 0.3
tree 15.0 -10.0 0.3
tree 15.0 -15.0 0.3